dante
4
dante-1.mp4
video/mp4; codecs="avc1.42C00D, mp4a.40.2"
474213
2002
59
0 1237
1237 89584
90821 132350
223171 198172
421343 119279
540622 120363
660985 93411
754396 81957
836353 74626
910979 100779
1011758 113406
1125164 110958
1236122 87235
1323357 76111
1399468 110979
1510447 104062
1614509 110706
1725215 117595
1842810 144387
1987197 173809
2161006 186072
2347078 148353
2495431 120533
2615964 90624
2706588 154558
2861146 154602
3015748 176538
3192286 119808
3312094 91674
3403768 125039
3528807 129651
3658458 92606
3751064 102882
3853946 107374
3961320 175164
4136484 170829
4307313 194884
4502197 167099
4669296 176175
4845471 131006
4976477 182032
5158509 175738
5334247 126159
5460406 121618
5582024 126516
5708540 129941
5838481 126242
5964723 146878
6111601 123009
6234610 105720
6340330 114933
6455263 118221
6573484 153417
6726901 143197
6870098 50239
6920337 70935
6991272 78816
7070088 49954
7120042 16762
dante-2.mp4
video/mp4; codecs="avc1.42C01E, mp4a.40.2"
1110624
2002
59
0 1237
1237 169456
170693 243179
413872 418774
832646 227991
1060637 229582
1290219 176569
1466788 152463
1619251 136505
1755756 187986
1943742 224887
2168629 211614
2380243 169960
2550203 148830
2699033 215996
2915029 191426
3106455 208688
3315143 219068
3534211 262013
3796224 363226
4159450 391907
4551357 292944
4844301 220235
5064536 147901
5212437 308033
5520470 331526
5851996 356671
6208667 229723
6438390 179121
6617511 240933
6858444 250853
7109297 179908
7289205 197980
7487185 209064
7696249 352456
8048705 349391
8398096 421051
8819147 359154
9178301 318756
9497057 252055
9749112 382022
10131134 368147
10499281 260246
10759527 249005
11008532 252398
11260930 253513
11514443 244402
11758845 273659
12032504 219378
12251882 190851
12442733 208430
12651163 220880
12872043 308451
13180494 280583
13461077 67559
13528636 107988
13636624 121806
13758430 66767
13825197 17917
dante-3.mp4
video/mp4; codecs="avc1.42C01F, mp4a.40.2"
1684559
2002
59
0 1238
1238 252638
253876 351361
605237 643136
1248373 313418
1561791 325539
1887330 262561
2149891 222719
2372610 198513
2571123 274513
2845636 328302
3173938 307592
3481530 244297
3725827 213791
3939618 316570
4256188 274380
4530568 299841
4830409 329353
5159762 363824
5523586 535190
6058776 578731
6637507 413368
7050875 312837
7363712 204448
7568160 452877
8021037 494126
8515163 519279
9034442 325947
9360389 258994
9619383 353906
9973289 360872
10334161 263838
10597999 284625
10882624 301219
11183843 511503
11695346 516108
12211454 648240
12859694 548633
13408327 462727
13871054 351494
14222548 573791
14796339 550509
15346848 375891
15722739 358779
16081518 355586
16437104 363804
16800908 355523
17156431 388711
17545142 306668
17851810 269508
18121318 298019
18419337 319111
18738448 450479
19188927 409901
19598828 82622
19681450 142742
19824192 162738
19986930 82596
20069526 19113
dante-4.mp4
video/mp4; codecs="avc1.42C01F, mp4a.40.2"
2302036
2002
59
0 1234
1234 337779
339013 458773
797786 851623
1649409 395612
2045021 436545
2481566 350634
2832200 298494
3130694 264448
3395142 343654
3738796 422626
4161422 402793
4564215 322656
4886871 288367
5175238 416728
5591966 357292
5949258 376949
6326207 418603
6744810 471772
7216582 705076
7921658 745268
8666926 521758
9188684 388595
9577279 248260
9825539 564802
10390341 660843
11051184 682137
11733321 425158
12158479 330890
12489369 455285
12944654 465302
13409956 341982
13751938 363279
14115217 377447
14492664 631730
15124394 665009
15789403 881598
16671001 735941
17406942 606738
18013680 450262
18463942 760506
19224448 730095
19954543 477291
20431834 456724
20888558 447875
21336433 472090
21808523 456842
22265365 498059
22763424 386109
23149533 330760
23480293 388611
23868904 408660
24277564 568837
24846401 505410
25351811 95525
25447336 174815
25622151 201256
25823407 97201
25920608 20738
